7 11 6 12 10 5 1 3 4 8 9 2 
1 3 

 - _binaryInsert - 
(3, 1) (8, 4) (9, 2) (10, 5) (11, 7) (12, 6) 
1 3 
i: 2
num: 2
right: 1
pos: 1
 ---------------------------- 


 - _binaryInsert - 
(3, 1) (8, 4) (9, 2) (10, 5) (11, 7) (12, 6) 
1 2 3 
i: 2
num: 9
right: 2
pos: 3
 ---------------------------- 


 - _binaryInsert - 
(3, 1) (8, 4) (9, 2) (10, 5) (11, 7) (12, 6) 
1 2 3 9 
i: 1
num: 4
right: 3
pos: 3
 ---------------------------- 


 - _binaryInsert - 
(3, 1) (8, 4) (9, 2) (10, 5) (11, 7) (12, 6) 
1 2 3 4 9 
i: 1
num: 8
right: 4
pos: 4
 ---------------------------- 


 - _binaryInsert - 
(3, 1) (8, 4) (9, 2) (10, 5) (11, 7) (12, 6) 
1 2 3 4 8 9 
i: 4
num: 7
right: 5
pos: 4
 ---------------------------- 


 - _binaryInsert - 
(3, 1) (8, 4) (9, 2) (10, 5) (11, 7) (12, 6) 
1 2 3 4 7 8 9 
i: 4
num: 11
right: 6
pos: 7
 ---------------------------- 


 - _binaryInsert - 
(3, 1) (8, 4) (9, 2) (10, 5) (11, 7) (12, 6) 
1 2 3 4 7 8 9 11 
i: 3
num: 5
right: 7
pos: 4
 ---------------------------- 


 - _binaryInsert - 
(3, 1) (8, 4) (9, 2) (10, 5) (11, 7) (12, 6) 
1 2 3 4 5 7 8 9 11 
i: 3
num: 10
right: 8
pos: 8
 ---------------------------- 

1 2 3 4 5 7 8 9 10 11 
